# Camera list with one line of data per camera:
1 SIMPLE_RADIAL 920 1216 4919.193297576377 460.0 608.0 -0.3048609340375881
2 SIMPLE_RADIAL 920 1216 4730.92803416569 460.0 608.0 -0.2729087280169638
3 SIMPLE_RADIAL 920 1216 4833.297648988494 460.0 608.0 -0.4047853203948816
4 SIMPLE_RADIAL 920 1216 4928.335647443705 460.0 608.0 -0.18326197759991664
5 SIMPLE_RADIAL 920 1216 4908.462473895836 460.0 608.0 0.21640823960392472
6 SIMPLE_RADIAL 920 1216 4969.553148820823 460.0 608.0 0.3184544878050445
7 SIMPLE_RADIAL 920 1216 5301.674595528946 460.0 608.0 0.2655606887472154
8 SIMPLE_RADIAL 920 1216 5399.056928067409 460.0 608.0 0.25775894940995175
9 SIMPLE_RADIAL 920 1216 5339.578309900587 460.0 608.0 0.17375237121739545
10 SIMPLE_RADIAL 920 1216 5362.499755727445 460.0 608.0 0.255862358776368
